{
 "cells": [
  {
   "cell_type": "code",
   "id": "initial_id",
   "metadata": {
    "collapsed": true,
    "ExecuteTime": {
     "end_time": "2024-05-04T04:15:46.856875Z",
     "start_time": "2024-05-04T04:15:46.817036Z"
    }
   },
   "source": [
    "#21BAI10058 - Harshit Mittal\n",
    "#For Any 10 Documents\n",
    "from sklearn.feature_extraction.text import CountVectorizer\n",
    "from sklearn.metrics.pairwise import cosine_similarity, euclidean_distances, manhattan_distances, chebyshev_distances\n",
    "from sklearn.metrics import jaccard_score\n",
    "from scipy.spatial.distance import pdist, squareform\n",
    "from scipy.stats import pearsonr\n",
    "import numpy as np\n",
    "\n",
    "# Load the text file\n",
    "with open('bbc_news.txt', 'r', encoding='utf-8') as f:\n",
    "    documents = f.readlines()\n",
    "\n",
    "# Select the first 10 documents\n",
    "documents = documents[:10]\n",
    "\n",
    "# Initialize CountVectorizer\n",
    "vectorizer = CountVectorizer()\n",
    "\n",
    "# Fit and transform the documents\n",
    "X = vectorizer.fit_transform(documents)\n",
    "\n",
    "# Convert the matrix to array\n",
    "X_array = X.toarray()\n",
    "\n",
    "# Calculate Cosine Similarity\n",
    "cos_sim = cosine_similarity(X_array)\n",
    "\n",
    "# Calculate Euclidean Distance\n",
    "euc_dist = euclidean_distances(X_array)\n",
    "\n",
    "# Calculate Manhattan Distance\n",
    "man_dist = manhattan_distances(X_array)\n",
    "\n",
    "# Calculate Chebyshev Distance\n",
    "che_dist = squareform(pdist(X_array, metric='chebyshev'))\n",
    "\n",
    "# Calculate Jaccard's Coefficient\n",
    "jac_score = jaccard_score(X_array[0], X_array[1], average='macro')\n",
    "\n",
    "# Calculate Pearson's Coefficient\n",
    "pearson_coef = pearsonr(X_array[0], X_array[1])\n",
    "\n",
    "# Print the results\n",
    "print(\"Cosine Similarity:\\n\", cos_sim)\n",
    "print(\"Euclidean Distance:\\n\", euc_dist)\n",
    "print(\"Manhattan Distance:\\n\", man_dist)\n",
    "print(\"Chebyshev Distance:\\n\", che_dist)\n",
    "print(\"Jaccard's Coefficient:\\n\", jac_score)\n",
    "print(\"Pearson's Coefficient:\\n\", pearson_coef)"
   ],
   "outputs": [
    {
     "name": "stdout",
     "output_type": "stream",
     "text": [
      "Cosine Similarity:\n",
      " [[1.         0.65603194 0.59465162 0.5628946  0.45105184 0.5547435\n",
      "  0.53859686 0.58733843 0.42527861 0.32091812]\n",
      " [0.65603194 1.         0.61390346 0.63844581 0.47288266 0.60510121\n",
      "  0.56693685 0.62119946 0.45277761 0.32268446]\n",
      " [0.59465162 0.61390346 1.         0.51563408 0.4348095  0.57116341\n",
      "  0.50690836 0.58851242 0.37473885 0.28368239]\n",
      " [0.5628946  0.63844581 0.51563408 1.         0.40259894 0.46182204\n",
      "  0.49790149 0.51320454 0.46319534 0.27339589]\n",
      " [0.45105184 0.47288266 0.4348095  0.40259894 1.         0.44418615\n",
      "  0.38618771 0.40847743 0.34565811 0.21884181]\n",
      " [0.5547435  0.60510121 0.57116341 0.46182204 0.44418615 1.\n",
      "  0.50605059 0.61784902 0.358809   0.28280828]\n",
      " [0.53859686 0.56693685 0.50690836 0.49790149 0.38618771 0.50605059\n",
      "  1.         0.54847334 0.5526764  0.25259068]\n",
      " [0.58733843 0.62119946 0.58851242 0.51320454 0.40847743 0.61784902\n",
      "  0.54847334 1.         0.40571582 0.3467491 ]\n",
      " [0.42527861 0.45277761 0.37473885 0.46319534 0.34565811 0.358809\n",
      "  0.5526764  0.40571582 1.         0.2436349 ]\n",
      " [0.32091812 0.32268446 0.28368239 0.27339589 0.21884181 0.28280828\n",
      "  0.25259068 0.3467491  0.2436349  1.        ]]\n",
      "Euclidean Distance:\n",
      " [[ 0.         51.07837116 38.07886553 43.50861984 42.27292278 39.66106403\n",
      "  47.80167361 47.47630988 44.44097209 44.94441011]\n",
      " [51.07837116  0.         54.87257967 52.05766034 60.56401572 57.07889277\n",
      "  57.27128425 54.72659317 60.24948133 64.05466415]\n",
      " [38.07886553 54.87257967  0.         39.43348831 27.03701167 24.06241883\n",
      "  44.73253849 45.3431362  33.89690251 29.12043956]\n",
      " [43.50861984 52.05766034 39.43348831  0.         41.85689907 40.49691346\n",
      "  49.13247399 50.84289528 41.85689907 44.26059195]\n",
      " [42.27292278 60.56401572 27.03701167 41.85689907  0.         22.44994432\n",
      "  47.81213235 51.         31.46426545 24.35159132]\n",
      " [39.66106403 57.07889277 24.06241883 40.49691346 22.44994432  0.\n",
      "  44.92215489 45.70557953 31.4960315  24.0208243 ]\n",
      " [47.80167361 57.27128425 44.73253849 49.13247399 47.81213235 44.92215489\n",
      "   0.         51.27377497 43.31281566 50.38849075]\n",
      " [47.47630988 54.72659317 45.3431362  50.84289528 51.         45.70557953\n",
      "  51.27377497  0.         51.85556865 52.38320341]\n",
      " [44.44097209 60.24948133 33.89690251 41.85689907 31.46426545 31.4960315\n",
      "  43.31281566 51.85556865  0.         32.57299495]\n",
      " [44.94441011 64.05466415 29.12043956 44.26059195 24.35159132 24.0208243\n",
      "  50.38849075 52.38320341 32.57299495  0.        ]]\n",
      "Manhattan Distance:\n",
      " [[   0.  831.  532.  645.  519.  489.  785.  760.  599.  548.]\n",
      " [ 831.    0.  763.  778.  760.  716. 1006.  933.  822.  791.]\n",
      " [ 532.  763.    0.  529.  343.  297.  705.  632.  447.  362.]\n",
      " [ 645.  778.  529.    0.  512.  496.  764.  739.  562.  543.]\n",
      " [ 519.  760.  343.  512.    0.  266.  664.  617.  402.  289.]\n",
      " [ 489.  716.  297.  496.  266.    0.  638.  577.  382.  267.]\n",
      " [ 785. 1006.  705.  764.  664.  638.    0.  899.  616.  695.]\n",
      " [ 760.  933.  632.  739.  617.  577.  899.    0.  701.  596.]\n",
      " [ 599.  822.  447.  562.  402.  382.  616.  701.    0.  417.]\n",
      " [ 548.  791.  362.  543.  289.  267.  695.  596.  417.    0.]]\n",
      "Chebyshev Distance:\n",
      " [[ 0. 12. 10. 16. 17. 11. 10. 11. 15. 18.]\n",
      " [12.  0. 18. 19. 29. 23. 13. 13. 27. 30.]\n",
      " [10. 18.  0. 15. 12.  6. 10. 15. 10. 13.]\n",
      " [16. 19. 15.  0. 16. 16. 16. 17. 16. 16.]\n",
      " [17. 29. 12. 16.  0.  7. 21. 27. 10.  7.]\n",
      " [11. 23.  6. 16.  7.  0. 15. 21. 10.  7.]\n",
      " [10. 13. 10. 16. 21. 15.  0. 11. 19. 22.]\n",
      " [11. 13. 15. 17. 27. 21. 11.  0. 25. 28.]\n",
      " [15. 27. 10. 16. 10. 10. 19. 25.  0.  9.]\n",
      " [18. 30. 13. 16.  7.  7. 22. 28.  9.  0.]]\n",
      "Jaccard's Coefficient:\n",
      " 0.04070940011841349\n",
      "Pearson's Coefficient:\n",
      " PearsonRResult(statistic=0.6259383224033224, pvalue=3.396763808457937e-139)\n"
     ]
    }
   ],
   "execution_count": 18
  },
  {
   "metadata": {
    "ExecuteTime": {
     "end_time": "2024-05-04T04:18:01.829711Z",
     "start_time": "2024-05-04T04:15:46.856875Z"
    }
   },
   "cell_type": "code",
   "source": [
    "#For any 10 Words\n",
    "from sklearn.feature_extraction.text import CountVectorizer\n",
    "from sklearn.metrics.pairwise import cosine_similarity, euclidean_distances, manhattan_distances, chebyshev_distances\n",
    "from sklearn.metrics import jaccard_score\n",
    "from scipy.spatial.distance import pdist, squareform\n",
    "from scipy.stats import pearsonr\n",
    "import numpy as np\n",
    "\n",
    "# Load the text file\n",
    "with open('bbc_news.txt', 'r', encoding='utf-8') as f:\n",
    "    documents = f.readlines()\n",
    "\n",
    "# Extract words from the documents\n",
    "words = ' '.join(documents).split()\n",
    "\n",
    "# Select any 10 unique words\n",
    "words = list(set(words[:100]))[:10]\n",
    "\n",
    "# Initialize CountVectorizer\n",
    "vectorizer = CountVectorizer()\n",
    "\n",
    "# Fit and transform the documents\n",
    "X = vectorizer.fit_transform(documents)\n",
    "\n",
    "# Convert the matrix to array\n",
    "X_array = X.toarray()\n",
    "\n",
    "# Calculate Cosine Similarity\n",
    "cos_sim = cosine_similarity(X_array)\n",
    "\n",
    "# Calculate Euclidean Distance\n",
    "euc_dist = euclidean_distances(X_array)\n",
    "\n",
    "# Calculate Manhattan Distance\n",
    "man_dist = manhattan_distances(X_array)\n",
    "\n",
    "# Calculate Chebyshev Distance\n",
    "che_dist = squareform(pdist(X_array, metric='chebyshev'))\n",
    "\n",
    "# Calculate Jaccard's Coefficient\n",
    "jac_score = jaccard_score(X_array[0], X_array[1], average='macro')\n",
    "\n",
    "# Calculate Pearson's Coefficient\n",
    "pearson_coef = pearsonr(X_array[0], X_array[1])\n",
    "\n",
    "# Print the results\n",
    "print(\"Cosine Similarity:\\n\", cos_sim)\n",
    "print(\"Euclidean Distance:\\n\", euc_dist)\n",
    "print(\"Manhattan Distance:\\n\", man_dist)\n",
    "print(\"Chebyshev Distance:\\n\", che_dist)\n",
    "print(\"Jaccard's Coefficient:\\n\", jac_score)\n",
    "print(\"Pearson's Coefficient:\\n\", pearson_coef)"
   ],
   "id": "816d9cbaf90c5776",
   "outputs": [
    {
     "name": "stdout",
     "output_type": "stream",
     "text": [
      "Cosine Similarity:\n",
      " [[1.         0.65603194 0.59465162 ... 0.49227552 0.50694837 0.        ]\n",
      " [0.65603194 1.         0.61390346 ... 0.51068641 0.53490129 0.        ]\n",
      " [0.59465162 0.61390346 1.         ... 0.46780824 0.51810937 0.        ]\n",
      " ...\n",
      " [0.49227552 0.51068641 0.46780824 ... 1.         0.4921004  0.        ]\n",
      " [0.50694837 0.53490129 0.51810937 ... 0.4921004  1.         0.        ]\n",
      " [0.         0.         0.         ... 0.         0.         0.        ]]\n",
      "Euclidean Distance:\n",
      " [[ 0.         51.07837116 38.07886553 ... 42.86023798 41.07310556\n",
      "  47.36032094]\n",
      " [51.07837116  0.         54.87257967 ... 58.08614293 57.5847202\n",
      "  67.55738302]\n",
      " [38.07886553 54.87257967  0.         ... 33.27160952 28.01785145\n",
      "  28.54820485]\n",
      " ...\n",
      " [42.86023798 58.08614293 33.27160952 ...  0.         32.52691193\n",
      "  35.04283094]\n",
      " [41.07310556 57.5847202  28.01785145 ... 32.52691193  0.\n",
      "  28.53068524]\n",
      " [47.36032094 67.55738302 28.54820485 ... 35.04283094 28.53068524\n",
      "   0.        ]]\n",
      "Manhattan Distance:\n",
      " [[  0. 831. 532. ... 597. 577. 463.]\n",
      " [831.   0. 763. ... 826. 808. 710.]\n",
      " [532. 763.   0. ... 439. 379. 251.]\n",
      " ...\n",
      " [597. 826. 439. ...   0. 408. 298.]\n",
      " [577. 808. 379. ... 408.   0. 238.]\n",
      " [463. 710. 251. ... 298. 238.   0.]]\n",
      "Chebyshev Distance:\n",
      " [[ 0. 12. 10. ... 10. 10. 23.]\n",
      " [12.  0. 18. ... 20. 21. 35.]\n",
      " [10. 18.  0. ... 10.  9. 18.]\n",
      " ...\n",
      " [10. 20. 10. ...  0. 10. 15.]\n",
      " [10. 21.  9. ... 10.  0. 14.]\n",
      " [23. 35. 18. ... 15. 14.  0.]]\n",
      "Jaccard's Coefficient:\n",
      " 0.05903639606643216\n",
      "Pearson's Coefficient:\n",
      " PearsonRResult(statistic=0.6549650277036021, pvalue=0.0)\n"
     ]
    }
   ],
   "execution_count": 19
  },
  {
   "metadata": {
    "ExecuteTime": {
     "end_time": "2024-05-04T04:18:01.834595Z",
     "start_time": "2024-05-04T04:18:01.829711Z"
    }
   },
   "cell_type": "code",
   "source": "",
   "id": "ae7978cecc749c28",
   "outputs": [],
   "execution_count": 19
  }
 ],
 "metadata": {
  "kernelspec": {
   "display_name": "Python 3",
   "language": "python",
   "name": "python3"
  },
  "language_info": {
   "codemirror_mode": {
    "name": "ipython",
    "version": 2
   },
   "file_extension": ".py",
   "mimetype": "text/x-python",
   "name": "python",
   "nbconvert_exporter": "python",
   "pygments_lexer": "ipython2",
   "version": "2.7.6"
  }
 },
 "nbformat": 4,
 "nbformat_minor": 5
}
